
Outperform candidate uncertainty/stress matrix
case                | net_power_proxy | ignition_margin_proxy | pB11_net_delta | pB11_gross_power | pB11_power_fraction | pB11_alpha_yield | proton_burnup_fraction | proton_energy_retention_norm | proton_loss_fraction | effective_proton_path_length_passes | hardware_recirc_passes | pb11_support_recirc_power | racetrack_guidance_factor | tbr_proxy | liquid_lithium_wall_heat_load | be_b4c_wall_heat_deposition
--------------------+-----------------+-----------------------+----------------+------------------+---------------------+------------------+------------------------+------------------------------+----------------------+-------------------------------------+------------------------+---------------------------+---------------------------+-----------+-------------------------------+----------------------------
reference           | 12.221          | 11.854                | 2.048          | 3.28             | 0.1931              | 2.363            | 0.23033                | 1.0                          | 0.118                | 419246.468                          | 100000.0               | 0.198                     | 0.0                       | 1.302     | 2.569                         | 2.256                      
mirror medium       | 12.687          | 12.355                | 1.866          | 2.889            | 0.1728              | 2.067            | 0.2135                 | 1.0                          | 0.18                 | 317256.838                          | 100000.0               | 0.282                     | 0.0                       | 1.303     | 2.441                         | 2.243                      
mirror off          | 12.901          | 12.56                 | 1.57           | 2.515            | 0.1542              | 1.782            | 0.19552                | 0.985                        | 0.238                | 226261.428                          | 100000.0               | 0.359                     | 0.0                       | 1.305     | 2.368                         | 2.221                      
cavity resonant     | 12.212          | 11.849                | 2.049          | 3.27             | 0.1926              | 2.357            | 0.22967                | 1.0                          | 0.118                | 385204.696                          | 100000.0               | 0.212                     | 0.0                       | 1.302     | 2.568                         | 2.255                      
cavity guided       | 12.165          | 11.816                | 2.012          | 3.22             | 0.1902              | 2.319            | 0.22604                | 1.0                          | 0.129                | 343237.376                          | 100000.0               | 0.229                     | 0.0                       | 1.302     | 2.567                         | 2.254                      
spread 15pct        | 12.221          | 11.854                | 2.048          | 3.28             | 0.1931              | 2.363            | 0.23033                | 1.0                          | 0.118                | 419246.468                          | 100000.0               | 0.198                     | 0.0                       | 1.302     | 2.569                         | 2.256                      
spread 25pct        | 12.1            | 11.769                | 1.925          | 3.157            | 0.1872              | 2.274            | 0.22165                | 1.0                          | 0.118                | 419246.468                          | 100000.0               | 0.198                     | 0.0                       | 1.302     | 2.568                         | 2.257                      
recirc 10k          | 12.124          | 11.793                | 1.994          | 3.163            | 0.1875              | 2.279            | 0.22214                | 1.0                          | 0.12                 | 41324.622                           | 10000.0                | 0.149                     | 0.0                       | 1.302     | 2.565                         | 2.25                       
recirc 1k           | 11.959          | 11.681                | 1.849          | 2.98             | 0.1786              | 2.147            | 0.20924                | 1.0                          | 0.121                | 4072.89                             | 1000.0                 | 0.114                     | 0.0                       | 1.302     | 2.561                         | 2.243                      
wall current medium | 12.195          | 11.841                | 2.039          | 3.241            | 0.1913              | 2.335            | 0.22758                | 1.0                          | 0.119                | 419246.468                          | 100000.0               | 0.198                     | 0.0                       | 1.302     | 2.604                         | 2.256                      
wick structured     | 11.875          | 11.617                | 1.718          | 2.909            | 0.175               | 2.093            | 0.20394                | 1.0                          | 0.128                | 419246.468                          | 100000.0               | 0.198                     | 0.0                       | 1.302     | 2.587                         | 2.276                      
wick shallow        | 11.533          | 11.383                | 1.393          | 2.542            | 0.1564              | 1.825            | 0.17783                | 1.0                          | 0.138                | 419246.468                          | 100000.0               | 0.198                     | 0.0                       | 1.302     | 2.605                         | 2.296                      
alpha weak          | 12.228          | 11.862                | 2.053          | 3.28             | 0.1931              | 2.363            | 0.23033                | 1.0                          | 0.118                | 419246.468                          | 100000.0               | 0.198                     | 0.0                       | 1.302     | 2.569                         | 2.256                      
alpha off           | 12.182          | 11.835                | 2.019          | 3.231            | 0.1908              | 2.363            | 0.23033                | 1.0                          | 0.118                | 419246.468                          | 100000.0               | 0.198                     | 0.0                       | 1.302     | 2.583                         | 2.266                      
graphene micro      | 12.156          | 11.79                 | 2.038          | 3.28             | 0.1931              | 2.363            | 0.23033                | 1.0                          | 0.118                | 419246.468                          | 100000.0               | 0.198                     | 0.0                       | 1.302     | 2.338                         | 1.997                      
graphene off        | 12.225          | 11.858                | 2.07           | 3.28             | 0.1931              | 2.363            | 0.23033                | 1.0                          | 0.118                | 419246.468                          | 100000.0               | 0.198                     | 0.0                       | 1.302     | 3.119                         | 2.877                      
resonant racetrack  | 12.141          | 11.774                | 1.986          | 3.287            | 0.1934              | 2.37             | 0.23101                | 1.0                          | 0.118                | 1330255.271                         | 16602.07               | 0.16                      | 0.718                     | 1.302     | 2.339                         | 1.998                      
conservative stack  | 12.276          | 12.063                | 1.556          | 2.49             | 0.1525              | 1.787            | 0.18459                | 1.0                          | 0.196                | 293047.12                           | 100000.0               | 0.288                     | 0.0                       | 1.303     | 2.283                         | 2.017                      
hard fail stack     | 11.718          | 11.715                | 0.739          | 1.565            | 0.1017              | 1.21             | 0.12832                | 0.936                        | 0.238                | 23418.969                           | 10000.0                | 0.24                      | 0.0                       | 1.304     | 3.008                         | 2.848                      

Stress pass/fail
reference: pass
mirror medium: fail
mirror off: fail
cavity resonant: pass
cavity guided: pass
spread 15pct: pass
spread 25pct: pass
recirc 10k: pass
recirc 1k: fail
wall current medium: pass
wick structured: fail
wick shallow: fail
alpha weak: pass
alpha off: pass
graphene micro: pass
graphene off: pass
resonant racetrack: pass
conservative stack: fail
hard fail stack: fail
